BLEU-1: 0.588336
BLEU-2: 0.448177
BLEU-3: 0.396442
BLEU-4: 0.298445

This is the first run
